1   13    1
2   72    1
3   6     1
4   61    1
5   39    1
6   42    1
7   1     1
8   89    1
9   93    1
10  36    1
11  97    1
12  19    1
13  76    1
14  47    1
15  5     1
16  4     1
17  34    1
18  40    1
19  25    1
20  2     1
21  95    1
22  26    1
23  66    1
24  80    1
25  60    1
26  91    1
27  71    1
28  17    1
29  35    1
30  50    1
31  79    1
32  65    1
33  70    1
34  77    1
35  102   1
36  33    1
37  51    1
38  41    1
39  75    1
40  73    1
41  12    1
42  62    1
43  96    1
44  100   1
45  52    1
46  86    1
47  90    1
48  18    1
49  87    1
50  68    1
51  67    1
52  27    1
53  94    1
54  28    1
55  81    1
56  101   1
57  15    1
58  7     1
59  45    1
60  63    1
61  43    1
62  48    1
63  83    1
64  56    1
65  37    1
66  98    1
67  44    1
68  74    1
69  23    1
70  29    1
71  38    1
72  103   1
73  30    1
74  57    1
75  58    1
76  85    1
77  31    1
78  59    1
79  32    1
80  92    1
81  16    1
82  22    1
83  9     1
84  21    1
85  54    1
86  84    1
87  99    1
88  10    1
89  64    1
90  11    1
91  88    1
92  82    1
93  69    1
94  8     1
95  78    1
96  3     1
97  46    1
98  24    1
99  20    1
100 53    1
101 14    1
102 49    1
103 55    1